16 16
1 0 0 0 0 0 0 0 1 0 0 0 0 1 0 0 
1 1 1 1 0 0 0 0 0 0 0 0 0 1 0 0 
1 1 0 0 0 0 0 1 0 0 0 1 0 0 0 0 
1 0 1 0 0 0 0 0 0 0 0 0 1 0 0 0 
0 1 0 1 0 0 0 0 0 0 1 1 0 0 0 0 
0 1 0 0 0 0 1 0 0 0 0 1 0 0 1 0 
0 0 1 1 0 1 1 0 0 0 0 1 0 1 0 1 
0 0 1 0 1 0 0 0 0 0 0 0 0 1 0 0 
0 0 0 0 0 0 0 1 0 0 0 0 0 0 0 0 
0 1 0 0 0 0 0 1 0 1 0 0 0 0 0 1 
1 0 1 0 0 0 0 0 0 0 0 0 0 0 0 1 
0 0 0 0 0 0 0 0 0 1 0 0 1 0 0 0 
0 0 0 0 0 0 0 0 0 0 0 0 1 1 1 0 
0 0 0 1 0 0 0 0 1 0 0 0 0 0 0 1 
0 0 0 0 0 1 0 0 0 0 0 0 1 0 1 0 
0 1 1 0 0 0 0 0 0 0 0 0 0 0 1 0

(real: 1968x, -7296z)